version https://git-lfs.github.com/spec/v1
oid sha256:3bd049975c5a5a2c3e95e5b32136b4b52654f7d5f17a4c287d37455e9047cac9
size 5201
